c;phi;gam;alp;h;num_slice;slope_len;fel;bis
20;0.4363323129985824;18.5;0.5235987755982988;15;10;25.98076211353316;2.4463771940440964;3.3593246993166153
20;0.4363323129985824;18.5;0.5235987755982988;15;20;25.98076211353316;2.4293742516750823;3.3274990355266523
20;0.4363323129985824;18.5;0.5235987755982988;15;30;25.98076211353316;2.4210683979371654;3.3134772413257627
20;0.4363323129985824;18.5;0.5235987755982988;15;40;25.98076211353316;2.420286490763333;3.3126377143776753
20;0.4363323129985824;18.5;0.5235987755982988;15;50;25.98076211353316;2.4188630961926743;3.3095319395035205
20;0.4363323129985824;18.5;0.5235987755982988;15;60;25.98076211353316;2.420197051734794;3.3118609282572726
20;0.4363323129985824;18.5;0.5235987755982988;15;70;25.98076211353316;2.418287111711965;3.3085593149550436
20;0.4363323129985824;18.5;0.5235987755982988;15;80;25.98076211353316;2.4191925823904556;3.3102489923079004
20;0.4363323129985824;18.5;0.5235987755982988;15;90;25.98076211353316;2.4181994545097054;3.3083930452990655
20;0.4363323129985824;18.5;0.5235987755982988;15;100;25.98076211353316;2.419043842085476;3.3098400173255453
20;0.4363323129985824;18.5;0.5235987755982988;15;110;25.98076211353316;2.4180619378179067;3.30819216607603
20;0.4363323129985824;18.5;0.5235987755982988;15;120;25.98076211353316;2.4187762732771247;3.30948049015298
20;0.4363323129985824;18.5;0.5235987755982988;15;130;25.98076211353316;2.4180591665873483;3.308131807491242
20;0.4363323129985824;18.5;0.5235987755982988;15;140;25.98076211353316;2.418657857026189;3.3092063920971335
20;0.4363323129985824;18.5;0.5235987755982988;15;150;25.98076211353316;2.418327623375748;3.3085131099743297
20;0.4363323129985824;18.5;0.5235987755982988;15;160;25.98076211353316;2.4186142645468376;3.3091798813783795
20;0.4363323129985824;18.5;0.5235987755982988;15;170;25.98076211353316;2.4179292819656033;3.3080688212683094
20;0.4363323129985824;18.5;0.5235987755982988;15;180;25.98076211353316;2.4185749281746496;3.3091091573325873
20;0.4363323129985824;18.5;0.5235987755982988;15;190;25.98076211353316;2.41798807525958;3.308097227276055
20;0.4363323129985824;18.5;0.5235987755982988;15;200;25.98076211353316;2.418519993579233;3.308982227199286
20;0.4363323129985824;18.5;0.5235987755982988;15;210;25.98076211353316;2.4180243280582605;3.308091755970328
20;0.4363323129985824;18.5;0.5235987755982988;15;220;25.98076211353316;2.418445756448634;3.3089391542754023
20;0.4363323129985824;18.5;0.5235987755982988;15;230;25.98076211353316;2.4183425280928184;3.308603515443096
20;0.4363323129985824;18.5;0.5235987755982988;15;240;25.98076211353316;2.4186674151728442;3.30931797912849
20;0.4363323129985824;18.5;0.5235987755982988;15;250;25.98076211353316;2.4182389190201516;3.3084994372845973
20;0.4363323129985824;18.5;0.5235987755982988;15;260;25.98076211353316;2.4187186980427717;3.309319361312517
20;0.4363323129985824;18.5;0.5235987755982988;15;270;25.98076211353316;2.418466083600197;3.308906818160285
20;0.4363323129985824;18.5;0.5235987755982988;15;280;25.98076211353316;2.4186605569260164;3.309270601692613
20;0.4363323129985824;18.5;0.5235987755982988;15;290;25.98076211353316;2.4183763501582765;3.308863866549108
20;0.4363323129985824;18.5;0.5235987755982988;15;300;25.98076211353316;2.4188988117186527;3.309627645200424
20;0.4363323129985824;18.5;0.5235987755982988;15;310;25.98076211353316;2.418666127590599;3.3092815114212666
20;0.4363323129985824;18.5;0.5235987755982988;15;320;25.98076211353316;2.4187998820079626;3.309644379178599
20;0.4363323129985824;18.5;0.5235987755982988;15;330;25.98076211353316;2.418179784893884;3.3085135513085984
20;0.4363323129985824;18.5;0.5235987755982988;15;340;25.98076211353316;2.4184831186394455;3.309246389736922
20;0.4363323129985824;18.5;0.5235987755982988;15;350;25.98076211353316;2.418749672518334;3.3094503093378727
20;0.4363323129985824;18.5;0.5235987755982988;15;360;25.98076211353316;2.418722087322532;3.3095585522296216
20;0.4363323129985824;18.5;0.5235987755982988;15;370;25.98076211353316;2.419137067458655;3.310119407256393
20;0.4363323129985824;18.5;0.5235987755982988;15;380;25.98076211353316;2.4187344315824815;3.309603015215001
20;0.4363323129985824;18.5;0.5235987755982988;15;390;25.98076211353316;2.4191123213456813;3.3100219913507285
20;0.4363323129985824;18.5;0.5235987755982988;15;400;25.98076211353316;2.419161845045972;3.3103275379444304
20;0.4363323129985824;18.5;0.5235987755982988;15;410;25.98076211353316;2.418717696613171;3.3095755491687373
20;0.4363323129985824;18.5;0.5235987755982988;15;420;25.98076211353316;2.4192571667216765;3.310409280266244
20;0.4363323129985824;18.5;0.5235987755982988;15;430;25.98076211353316;2.4188826121477964;3.309988859843426
20;0.4363323129985824;18.5;0.5235987755982988;15;440;25.98076211353316;2.418932480566391;3.3100969712014887
20;0.4363323129985824;18.5;0.5235987755982988;15;450;25.98076211353316;2.4192666490755363;3.3103933236481287
20;0.4363323129985824;18.5;0.5235987755982988;15;460;25.98076211353316;2.4193131928252236;3.3105933183329346
20;0.4363323129985824;18.5;0.5235987755982988;15;470;25.98076211353316;2.4189429379461673;3.3101255448663047
20;0.4363323129985824;18.5;0.5235987755982988;15;480;25.98076211353316;2.419347651668794;3.31075516141742
20;0.4363323129985824;18.5;0.5235987755982988;15;490;25.98076211353316;2.419044086400746;3.3105001753447345
20;0.4363323129985824;18.5;0.5235987755982988;15;500;25.98076211353316;2.419115824771605;3.3105423771416995
20;0.4363323129985824;18.5;0.5235987755982988;15;510;25.98076211353316;2.419194647406745;3.310742580842616
20;0.4363323129985824;18.5;0.5235987755982988;15;520;25.98076211353316;2.4199105900961104;3.311660104086227
20;0.4363323129985824;18.5;0.5235987755982988;15;530;25.98076211353316;2.419575260635231;3.311336032448653
20;0.4363323129985824;18.5;0.5235987755982988;15;540;25.98076211353316;2.4199241772527498;3.3119628162067545
20;0.4363323129985824;18.5;0.5235987755982988;15;550;25.98076211353316;2.419541411098576;3.3111822086249085
20;0.4363323129985824;18.5;0.5235987755982988;15;560;25.98076211353316;2.4196889991169255;3.3115754502522776
20;0.4363323129985824;18.5;0.5235987755982988;15;570;25.98076211353316;2.4197310449431297;3.3115865495638372
20;0.4363323129985824;18.5;0.5235987755982988;15;580;25.98076211353316;2.4201208271947787;3.312361549165298
20;0.4363323129985824;18.5;0.5235987755982988;15;590;25.98076211353316;2.42008757794009;3.3122370869491107
20;0.4363323129985824;18.5;0.5235987755982988;15;600;25.98076211353316;2.419973183533543;3.312179806519936
20;0.4363323129985824;18.5;0.5235987755982988;15;610;25.98076211353316;2.4202002092719086;3.312657455937159
20;0.4363323129985824;18.5;0.5235987755982988;15;620;25.98076211353316;2.420274437676915;3.312688862585545
20;0.4363323129985824;18.5;0.5235987755982988;15;630;25.98076211353316;2.420692925208222;3.313332839559789
20;0.4363323129985824;18.5;0.5235987755982988;15;640;25.98076211353316;2.4203254684630897;3.312836651884938
20;0.4363323129985824;18.5;0.5235987755982988;15;650;25.98076211353316;2.4209039531851473;3.3136985360664224
20;0.4363323129985824;18.5;0.5235987755982988;15;660;25.98076211353316;2.4205004280006768;3.313066263381366
20;0.4363323129985824;18.5;0.5235987755982988;15;670;25.98076211353316;2.420672281959869;3.3135268556411996
20;0.4363323129985824;18.5;0.5235987755982988;15;680;25.98076211353316;2.4201277230909097;3.3128307588534316
20;0.4363323129985824;18.5;0.5235987755982988;15;690;25.98076211353316;2.4207670660222074;3.313853362454031
20;0.4363323129985824;18.5;0.5235987755982988;15;700;25.98076211353316;2.4205954329400092;3.313610183752027
20;0.4363323129985824;18.5;0.5235987755982988;15;710;25.98076211353316;2.4208327822473312;3.314059138401355
20;0.4363323129985824;18.5;0.5235987755982988;15;720;25.98076211353316;2.4207047539701914;3.3137896031022684
20;0.4363323129985824;18.5;0.5235987755982988;15;730;25.98076211353316;2.421928181493865;3.3157267523685245
20;0.4363323129985824;18.5;0.5235987755982988;15;740;25.98076211353316;2.4220283621224112;3.315879389665898
20;0.4363323129985824;18.5;0.5235987755982988;15;750;25.98076211353316;2.42105938191512;3.3144767267160917
20;0.4363323129985824;18.5;0.5235987755982988;15;760;25.98076211353316;2.4212224258712265;3.3146429632189074
20;0.4363323129985824;18.5;0.5235987755982988;15;770;25.98076211353316;2.4216411317137383;3.3154422522992646
20;0.4363323129985824;18.5;0.5235987755982988;15;780;25.98076211353316;2.421986801077353;3.315833067992386
20;0.4363323129985824;18.5;0.5235987755982988;15;790;25.98076211353316;2.422088634560818;3.31621676115745
20;0.4363323129985824;18.5;0.5235987755982988;15;800;25.98076211353316;2.4215112188912586;3.3153484113587113
20;0.4363323129985824;18.5;0.5235987755982988;15;810;25.98076211353316;2.42147556751809;3.3155249742131274
20;0.4363323129985824;18.5;0.5235987755982988;15;820;25.98076211353316;2.4223020174433354;3.3163652273377937
20;0.4363323129985824;18.5;0.5235987755982988;15;830;25.98076211353316;2.4224716219563085;3.3169999663514167
20;0.4363323129985824;18.5;0.5235987755982988;15;840;25.98076211353316;2.422402535731686;3.316869437656681
20;0.4363323129985824;18.5;0.5235987755982988;15;850;25.98076211353316;2.4225081462897244;3.3172657433681536
20;0.4363323129985824;18.5;0.5235987755982988;15;860;25.98076211353316;2.422015110515898;3.3165250885543514
20;0.4363323129985824;18.5;0.5235987755982988;15;870;25.98076211353316;2.422884672532407;3.317985395871846
20;0.4363323129985824;18.5;0.5235987755982988;15;880;25.98076211353316;2.4221891803666993;3.31682601904006
20;0.4363323129985824;18.5;0.5235987755982988;15;890;25.98076211353316;2.4225296389182396;3.3175324024274087
20;0.4363323129985824;18.5;0.5235987755982988;15;900;25.98076211353316;2.4228069960846668;3.3178113824684017
20;0.4363323129985824;18.5;0.5235987755982988;15;910;25.98076211353316;2.4228536357979427;3.318066138371303
20;0.4363323129985824;18.5;0.5235987755982988;15;920;25.98076211353316;2.4224016930728953;3.317278442017606
20;0.4363323129985824;18.5;0.5235987755982988;15;930;25.98076211353316;2.4230863413078536;3.3184577974138025
20;0.4363323129985824;18.5;0.5235987755982988;15;940;25.98076211353316;2.423169861356462;3.3186026898044134
20;0.4363323129985824;18.5;0.5235987755982988;15;950;25.98076211353316;2.4223465557593955;3.317557426139798
20;0.4363323129985824;18.5;0.5235987755982988;15;960;25.98076211353316;2.423876647708075;3.3197561603329975
20;0.4363323129985824;18.5;0.5235987755982988;15;970;25.98076211353316;2.4231715423379363;3.31884183217198
20;0.4363323129985824;18.5;0.5235987755982988;15;980;25.98076211353316;2.4230137944355628;3.3188489777733774
20;0.4363323129985824;18.5;0.5235987755982988;15;990;25.98076211353316;2.423367436143269;3.3191924990285897
20;0.4363323129985824;18.5;0.5235987755982988;15;1000;25.98076211353316;2.424280942612479;3.3206778225964992
20;0.4363323129985824;18.5;0.5235987755982988;15;1010;25.98076211353316;2.4236522549639274;3.3202285261343736
20;0.4363323129985824;18.5;0.5235987755982988;15;1020;25.98076211353316;2.4240090570187087;3.3206748766835936
20;0.4363323129985824;18.5;0.5235987755982988;15;1030;25.98076211353316;2.4253171752807727;3.322589915146862
20;0.4363323129985824;18.5;0.5235987755982988;15;1040;25.98076211353316;2.42410237665453;3.320672330297987
20;0.4363323129985824;18.5;0.5235987755982988;15;1050;25.98076211353316;2.4236071103954564;3.320283144032176
20;0.4363323129985824;18.5;0.5235987755982988;15;1060;25.98076211353316;2.4239340323101835;3.3208059514990618
20;0.4363323129985824;18.5;0.5235987755982988;15;1070;25.98076211353316;2.4246796852835515;3.3220403573790382
20;0.4363323129985824;18.5;0.5235987755982988;15;1080;25.98076211353316;2.424345106815219;3.321392380716277
20;0.4363323129985824;18.5;0.5235987755982988;15;1090;25.98076211353316;2.424719627990918;3.322078532259789
20;0.4363323129985824;18.5;0.5235987755982988;15;1100;25.98076211353316;2.424937836019238;3.3223404028327823
20;0.4363323129985824;18.5;0.5235987755982988;15;1110;25.98076211353316;2.425593107702933;3.3236135308072727
20;0.4363323129985824;18.5;0.5235987755982988;15;1120;25.98076211353316;2.425773671244327;3.3235889044695193
20;0.4363323129985824;18.5;0.5235987755982988;15;1130;25.98076211353316;2.425455197598101;3.3235874712603306
20;0.4363323129985824;18.5;0.5235987755982988;15;1140;25.98076211353316;2.4254198067698427;3.3232557251700627
20;0.4363323129985824;18.5;0.5235987755982988;15;1150;25.98076211353316;2.4248372125602162;3.322371916254822
20;0.4363323129985824;18.5;0.5235987755982988;15;1160;25.98076211353316;2.425825021576642;3.3240656991474076
20;0.4363323129985824;18.5;0.5235987755982988;15;1170;25.98076211353316;2.4263627959772935;3.3249945393796136
20;0.4363323129985824;18.5;0.5235987755982988;15;1180;25.98076211353316;2.426334908041308;3.32519859095044
20;0.4363323129985824;18.5;0.5235987755982988;15;1190;25.98076211353316;2.4272230642608084;3.326387653897713
20;0.4363323129985824;18.5;0.5235987755982988;15;1200;25.98076211353316;2.4250403596638037;3.323442630232959
20;0.4363323129985824;18.5;0.5235987755982988;15;1210;25.98076211353316;2.4265174750232665;3.326118523952757
20;0.4363323129985824;18.5;0.5235987755982988;15;1220;25.98076211353316;2.4275321779569423;3.3273882826005807
20;0.4363323129985824;18.5;0.5235987755982988;15;1230;25.98076211353316;2.4255198652036127;3.324295245064809
20;0.4363323129985824;18.5;0.5235987755982988;15;1240;25.98076211353316;2.4270652195194127;3.326952388278171
20;0.4363323129985824;18.5;0.5235987755982988;15;1250;25.98076211353316;2.4271154412370533;3.327059109732244
20;0.4363323129985824;18.5;0.5235987755982988;15;1260;25.98076211353316;2.4283719383512663;3.3288308290514133
20;0.4363323129985824;18.5;0.5235987755982988;15;1270;25.98076211353316;2.4270966432250183;3.3273374966748346
20;0.4363323129985824;18.5;0.5235987755982988;15;1280;25.98076211353316;2.4281001851846575;3.3286821193340255
20;0.4363323129985824;18.5;0.5235987755982988;15;1290;25.98076211353316;2.427886712006605;3.3284696019453177
20;0.4363323129985824;18.5;0.5235987755982988;15;1300;25.98076211353316;2.4283274439672637;3.328823168972279
20;0.4363323129985824;18.5;0.5235987755982988;15;1310;25.98076211353316;2.4280711721255948;3.3292603942220387
20;0.4363323129985824;18.5;0.5235987755982988;15;1320;25.98076211353316;2.428792045622978;3.3301590680069126
20;0.4363323129985824;18.5;0.5235987755982988;15;1330;25.98076211353316;2.4296753412362357;3.3315010404723444
20;0.4363323129985824;18.5;0.5235987755982988;15;1340;25.98076211353316;2.4285563684755505;3.3301010542398903
20;0.4363323129985824;18.5;0.5235987755982988;15;1350;25.98076211353316;2.430340610670602;3.3325605755995973
20;0.4363323129985824;18.5;0.5235987755982988;15;1360;25.98076211353316;2.4284956505102864;3.330009216703328
20;0.4363323129985824;18.5;0.5235987755982988;15;1370;25.98076211353316;2.428317067949802;3.3298924543404254
20;0.4363323129985824;18.5;0.5235987755982988;15;1380;25.98076211353316;2.428941001018188;3.3309903576916597
20;0.4363323129985824;18.5;0.5235987755982988;15;1390;25.98076211353316;2.429949926617728;3.3330041816073623
20;0.4363323129985824;18.5;0.5235987755982988;15;1400;25.98076211353316;2.429393268317335;3.3318697950768845
20;0.4363323129985824;18.5;0.5235987755982988;15;1410;25.98076211353316;2.4277651484994562;3.3298359291496364
20;0.4363323129985824;18.5;0.5235987755982988;15;1420;25.98076211353316;2.429843776661383;3.3326045486382676
20;0.4363323129985824;18.5;0.5235987755982988;15;1430;25.98076211353316;2.429971319969973;3.3328261819614142
20;0.4363323129985824;18.5;0.5235987755982988;15;1440;25.98076211353316;2.4296473034735695;3.332485058344911
20;0.4363323129985824;18.5;0.5235987755982988;15;1450;25.98076211353316;2.4307009341967993;3.3340172061309157
20;0.4363323129985824;18.5;0.5235987755982988;15;1460;25.98076211353316;2.431161538099228;3.3349545687246778
20;0.4363323129985824;18.5;0.5235987755982988;15;1470;25.98076211353316;2.43002709602105;3.3333566774098777
20;0.4363323129985824;18.5;0.5235987755982988;15;1480;25.98076211353316;2.4317922867761803;3.335976844113222
20;0.4363323129985824;18.5;0.5235987755982988;15;1490;25.98076211353316;2.4306058911889146;3.3342537006317965
20;0.4363323129985824;18.5;0.5235987755982988;15;1500;25.98076211353316;2.4302733285790605;3.3336676353778283
20;0.4363323129985824;18.5;0.5235987755982988;15;1510;25.98076211353316;2.430618349404639;3.334394063420184
20;0.4363323129985824;18.5;0.5235987755982988;15;1520;25.98076211353316;2.431171662585431;3.3353710212243852
20;0.4363323129985824;18.5;0.5235987755982988;15;1530;25.98076211353316;2.431360327302548;3.3360238624180925
20;0.4363323129985824;18.5;0.5235987755982988;15;1540;25.98076211353316;2.430581581615631;3.334807375965685
20;0.4363323129985824;18.5;0.5235987755982988;15;1550;25.98076211353316;2.433757960828131;3.339397575444705
20;0.4363323129985824;18.5;0.5235987755982988;15;1560;25.98076211353316;2.432670015602088;3.3375498279053146
20;0.4363323129985824;18.5;0.5235987755982988;15;1570;25.98076211353316;2.4323673210099814;3.337612550644018
20;0.4363323129985824;18.5;0.5235987755982988;15;1580;25.98076211353316;2.4324507496850107;3.3377485087284504
20;0.4363323129985824;18.5;0.5235987755982988;15;1590;25.98076211353316;2.4328811927681757;3.338829060793808
20;0.4363323129985824;18.5;0.5235987755982988;15;1600;25.98076211353316;2.4332002786430853;3.3395874297088257
20;0.4363323129985824;18.5;0.5235987755982988;15;1610;25.98076211353316;2.43556979904742;3.342931031415372
20;0.4363323129985824;18.5;0.5235987755982988;15;1620;25.98076211353316;2.4320238497774103;3.3378792160405317
20;0.4363323129985824;18.5;0.5235987755982988;15;1630;25.98076211353316;2.4360366968734;3.3438900514940957
20;0.4363323129985824;18.5;0.5235987755982988;15;1640;25.98076211353316;2.4340876197862436;3.3409397448486002
20;0.4363323129985824;18.5;0.5235987755982988;15;1650;25.98076211353316;2.4333591739408105;3.339791035158273
20;0.4363323129985824;18.5;0.5235987755982988;15;1660;25.98076211353316;2.4348084478659753;3.341270389344817
20;0.4363323129985824;18.5;0.5235987755982988;15;1670;25.98076211353316;2.4350996851828377;3.343375477541162
20;0.4363323129985824;18.5;0.5235987755982988;15;1680;25.98076211353316;2.4348599245634115;3.3425791874332123
20;0.4363323129985824;18.5;0.5235987755982988;15;1690;25.98076211353316;2.433086387508869;3.340177445088197
20;0.4363323129985824;18.5;0.5235987755982988;15;1700;25.98076211353316;2.4350635769484104;3.343263510926357
20;0.4363323129985824;18.5;0.5235987755982988;15;1710;25.98076211353316;2.4344699832584435;3.3418394673556473
20;0.4363323129985824;18.5;0.5235987755982988;15;1720;25.98076211353316;2.432912905467184;3.340107057439166
20;0.4363323129985824;18.5;0.5235987755982988;15;1730;25.98076211353316;2.433590443385335;3.3416855716020577
20;0.4363323129985824;18.5;0.5235987755982988;15;1740;25.98076211353316;2.436678703297243;3.345794994409546
20;0.4363323129985824;18.5;0.5235987755982988;15;1750;25.98076211353316;2.4364898248067037;3.346045970082238
20;0.4363323129985824;18.5;0.5235987755982988;15;1760;25.98076211353316;2.4347388692397582;3.343347927382782
20;0.4363323129985824;18.5;0.5235987755982988;15;1770;25.98076211353316;2.4366710227857933;3.3462198246373593
20;0.4363323129985824;18.5;0.5235987755982988;15;1780;25.98076211353316;2.434623107384883;3.3431500823833726
20;0.4363323129985824;18.5;0.5235987755982988;15;1790;25.98076211353316;2.4388329419718673;3.349745170170836
20;0.4363323129985824;18.5;0.5235987755982988;15;1800;25.98076211353316;2.4361725756706782;3.345826705024005
20;0.4363323129985824;18.5;0.5235987755982988;15;1810;25.98076211353316;2.43653668170396;3.34664153984951
20;0.4363323129985824;18.5;0.5235987755982988;15;1820;25.98076211353316;2.436699332186338;3.346605166394927
20;0.4363323129985824;18.5;0.5235987755982988;15;1830;25.98076211353316;2.4378455796366416;3.348995571847776
20;0.4363323129985824;18.5;0.5235987755982988;15;1840;25.98076211353316;2.438170330619107;3.349035973727056
20;0.4363323129985824;18.5;0.5235987755982988;15;1850;25.98076211353316;2.4355546664790486;3.345679654728087
20;0.4363323129985824;18.5;0.5235987755982988;15;1860;25.98076211353316;2.439566904651353;3.3512487175310306
20;0.4363323129985824;18.5;0.5235987755982988;15;1870;25.98076211353316;2.437634314855235;3.349072617709604
20;0.4363323129985824;18.5;0.5235987755982988;15;1880;25.98076211353316;2.4384496847141968;3.3498069241866477
20;0.4363323129985824;18.5;0.5235987755982988;15;1890;25.98076211353316;2.436552848645588;3.3480595607702823
20;0.4363323129985824;18.5;0.5235987755982988;15;1900;25.98076211353316;2.4374628682267283;3.349227347062554
20;0.4363323129985824;18.5;0.5235987755982988;15;1910;25.98076211353316;2.4380365509326007;3.350622039218356
20;0.4363323129985824;18.5;0.5235987755982988;15;1920;25.98076211353316;2.4406218201375753;3.353808261554963
20;0.4363323129985824;18.5;0.5235987755982988;15;1930;25.98076211353316;2.439854734747371;3.3532109853261383
20;0.4363323129985824;18.5;0.5235987755982988;15;1940;25.98076211353316;2.4363581867342803;3.3482154351608617
20;0.4363323129985824;18.5;0.5235987755982988;15;1950;25.98076211353316;2.440960282628048;3.3551814496670014
20;0.4363323129985824;18.5;0.5235987755982988;15;1960;25.98076211353316;2.4390541840502644;3.3525781716239256
20;0.4363323129985824;18.5;0.5235987755982988;15;1970;25.98076211353316;2.439533681062854;3.353464231345947
20;0.4363323129985824;18.5;0.5235987755982988;15;1980;25.98076211353316;2.4398748724146877;3.354051829462815
20;0.4363323129985824;18.5;0.5235987755982988;15;1990;25.98076211353316;2.439618786678558;3.3542583392256176
20;0.4363323129985824;18.5;0.5235987755982988;15;2000;25.98076211353316;2.4406991114940895;3.3555689798522375
20;0.4363323129985824;18.5;0.5235987755982988;15;2010;25.98076211353316;2.439897255561325;3.3542743821831835
20;0.4363323129985824;18.5;0.5235987755982988;15;2020;25.98076211353316;2.4401897686156744;3.354821089431515
20;0.4363323129985824;18.5;0.5235987755982988;15;2030;25.98076211353316;2.4430343742700207;3.3594110442217997
20;0.4363323129985824;18.5;0.5235987755982988;15;2040;25.98076211353316;2.440926168478939;3.3566579255881495
20;0.4363323129985824;18.5;0.5235987755982988;15;2050;25.98076211353316;2.443363669296407;3.359418024474127
20;0.4363323129985824;18.5;0.5235987755982988;15;2060;25.98076211353316;2.443012484833811;3.359772462747231
20;0.4363323129985824;18.5;0.5235987755982988;15;2070;25.98076211353316;2.4437637060671076;3.3612447117245994
20;0.4363323129985824;18.5;0.5235987755982988;15;2080;25.98076211353316;2.444731265995876;3.362526612049242
20;0.4363323129985824;18.5;0.5235987755982988;15;2090;25.98076211353316;2.441954649568181;3.3590519624053687
20;0.4363323129985824;18.5;0.5235987755982988;15;2100;25.98076211353316;2.4435857948797;3.3618253308739994
20;0.4363323129985824;18.5;0.5235987755982988;15;2110;25.98076211353316;2.4430596790241284;3.3597147555591027
20;0.4363323129985824;18.5;0.5235987755982988;15;2120;25.98076211353316;2.4421909605523338;3.3598746274019975
20;0.4363323129985824;18.5;0.5235987755982988;15;2130;25.98076211353316;2.442261439452893;3.3600844921924238
20;0.4363323129985824;18.5;0.5235987755982988;15;2140;25.98076211353316;2.444677645952542;3.3633425911050363
20;0.4363323129985824;18.5;0.5235987755982988;15;2150;25.98076211353316;2.446054460977115;3.3656826131270696
20;0.4363323129985824;18.5;0.5235987755982988;15;2160;25.98076211353316;2.4445913547897886;3.363370389383712
20;0.4363323129985824;18.5;0.5235987755982988;15;2170;25.98076211353316;2.4479618583426266;3.3686354704518755
20;0.4363323129985824;18.5;0.5235987755982988;15;2180;25.98076211353316;2.4460880692304943;3.3659565435671945
20;0.4363323129985824;18.5;0.5235987755982988;15;2190;25.98076211353316;2.4455974237932767;3.365815023474477
20;0.4363323129985824;18.5;0.5235987755982988;15;2200;25.98076211353316;2.4470468724524377;3.367515920835528
20;0.4363323129985824;18.5;0.5235987755982988;15;2210;25.98076211353316;2.4464558626650232;3.3662936037046904
20;0.4363323129985824;18.5;0.5235987755982988;15;2220;25.98076211353316;2.4474743008500353;3.369028749000575
20;0.4363323129985824;18.5;0.5235987755982988;15;2230;25.98076211353316;2.4440188340739635;3.3642765219171293
20;0.4363323129985824;18.5;0.5235987755982988;15;2240;25.98076211353316;2.4474403851718427;3.369544752436218
20;0.4363323129985824;18.5;0.5235987755982988;15;2250;25.98076211353316;2.447865541227972;3.36957722767936
20;0.4363323129985824;18.5;0.5235987755982988;15;2260;25.98076211353316;2.449855936699335;3.3732803215589335
20;0.4363323129985824;18.5;0.5235987755982988;15;2270;25.98076211353316;2.448915846041719;3.3711706173780316
20;0.4363323129985824;18.5;0.5235987755982988;15;2280;25.98076211353316;2.4514813517647362;3.374915487366866
20;0.4363323129985824;18.5;0.5235987755982988;15;2290;25.98076211353316;2.4482615263242953;3.371158900982272
20;0.4363323129985824;18.5;0.5235987755982988;15;2300;25.98076211353316;2.449400628999884;3.371787016530767
20;0.4363323129985824;18.5;0.5235987755982988;15;2310;25.98076211353316;2.4476972302532514;3.3694263405800524
20;0.4363323129985824;18.5;0.5235987755982988;15;2320;25.98076211353316;2.452108351063617;3.3769837494582906
20;0.4363323129985824;18.5;0.5235987755982988;15;2330;25.98076211353316;2.450034010128147;3.374425768944273
20;0.4363323129985824;18.5;0.5235987755982988;15;2340;25.98076211353316;2.4508333148656263;3.375046226386631
20;0.4363323129985824;18.5;0.5235987755982988;15;2350;25.98076211353316;2.450990459695994;3.3757032959386524
20;0.4363323129985824;18.5;0.5235987755982988;15;2360;25.98076211353316;2.4487616521234643;3.3730261149107896
20;0.4363323129985824;18.5;0.5235987755982988;15;2370;25.98076211353316;2.453167353258474;3.3800639351863024
20;0.4363323129985824;18.5;0.5235987755982988;15;2380;25.98076211353316;2.454989797342809;3.3824756346727685
20;0.4363323129985824;18.5;0.5235987755982988;15;2390;25.98076211353316;2.45090407177476;3.3769256146291426
20;0.4363323129985824;18.5;0.5235987755982988;15;2400;25.98076211353316;2.450633216268904;3.376024782415752
20;0.4363323129985824;18.5;0.5235987755982988;15;2410;25.98076211353316;2.4545368713753253;3.3821588555613773
20;0.4363323129985824;18.5;0.5235987755982988;15;2420;25.98076211353316;2.4517019121047015;3.3795718302081137
20;0.4363323129985824;18.5;0.5235987755982988;15;2430;25.98076211353316;2.4547751653166365;3.3833598597040377
20;0.4363323129985824;18.5;0.5235987755982988;15;2440;25.98076211353316;2.453346456265784;3.3813884556242826
20;0.4363323129985824;18.5;0.5235987755982988;15;2450;25.98076211353316;2.4554039166163717;3.3849263615340353
20;0.4363323129985824;18.5;0.5235987755982988;15;2460;25.98076211353316;2.45388652300621;3.3816058316355044
20;0.4363323129985824;18.5;0.5235987755982988;15;2470;25.98076211353316;2.4515220487547476;3.379101967265983
20;0.4363323129985824;18.5;0.5235987755982988;15;2480;25.98076211353316;2.454291487629616;3.38357305251062
20;0.4363323129985824;18.5;0.5235987755982988;15;2490;25.98076211353316;2.455011391123029;3.3839247825505536
20;0.4363323129985824;18.5;0.5235987755982988;15;2500;25.98076211353316;2.4498707241070403;3.3779641857920466
20;0.4363323129985824;18.5;0.5235987755982988;15;2510;25.98076211353316;2.454682349016496;3.384846079176297
20;0.4363323129985824;18.5;0.5235987755982988;15;2520;25.98076211353316;2.4534014176540984;3.3831610424428824
20;0.4363323129985824;18.5;0.5235987755982988;15;2530;25.98076211353316;2.4529935269841237;3.382509581524286
20;0.4363323129985824;18.5;0.5235987755982988;15;2540;25.98076211353316;2.454082845549433;3.3848937199960374
20;0.4363323129985824;18.5;0.5235987755982988;15;2550;25.98076211353316;2.4539209065844703;3.3837511923149277
20;0.4363323129985824;18.5;0.5235987755982988;15;2560;25.98076211353316;2.4534564987955743;3.3839597929738083
20;0.4363323129985824;18.5;0.5235987755982988;15;2570;25.98076211353316;2.4559435772888047;3.388620543914319
20;0.4363323129985824;18.5;0.5235987755982988;15;2580;25.98076211353316;2.454554769131042;3.385822260023465
20;0.4363323129985824;18.5;0.5235987755982988;15;2590;25.98076211353316;2.456581749768262;3.388619512866299
20;0.4363323129985824;18.5;0.5235987755982988;15;2600;25.98076211353316;2.4552664915082896;3.386112468190087
20;0.4363323129985824;18.5;0.5235987755982988;15;2610;25.98076211353316;2.4592071118975336;3.3930116480690566
20;0.4363323129985824;18.5;0.5235987755982988;15;2620;25.98076211353316;2.4570246957949906;3.3914486427353667
20;0.4363323129985824;18.5;0.5235987755982988;15;2630;25.98076211353316;2.455754202018066;3.3879107831805544
20;0.4363323129985824;18.5;0.5235987755982988;15;2640;25.98076211353316;2.4586304594168196;3.39254778093261
20;0.4363323129985824;18.5;0.5235987755982988;15;2650;25.98076211353316;2.458369424443463;3.3933333914134693
20;0.4363323129985824;18.5;0.5235987755982988;15;2660;25.98076211353316;2.4596997366217326;3.3945103926437925
20;0.4363323129985824;18.5;0.5235987755982988;15;2670;25.98076211353316;2.459990374842832;3.3953278480326685
20;0.4363323129985824;18.5;0.5235987755982988;15;2680;25.98076211353316;2.459392887812569;3.3953599840481457
20;0.4363323129985824;18.5;0.5235987755982988;15;2690;25.98076211353316;2.459767027190013;3.394807124474201
20;0.4363323129985824;18.5;0.5235987755982988;15;2700;25.98076211353316;2.461965359727936;3.398913804305974
20;0.4363323129985824;18.5;0.5235987755982988;15;2710;25.98076211353316;2.461743805405384;3.398759592447368
20;0.4363323129985824;18.5;0.5235987755982988;15;2720;25.98076211353316;2.4580784246720837;3.3938952096574657
20;0.4363323129985824;18.5;0.5235987755982988;15;2730;25.98076211353316;2.457228926713589;3.3917518116595717
20;0.4363323129985824;18.5;0.5235987755982988;15;2740;25.98076211353316;2.459923293691978;3.3970577716554806
20;0.4363323129985824;18.5;0.5235987755982988;15;2750;25.98076211353316;2.4595901615980824;3.396712344253226
20;0.4363323129985824;18.5;0.5235987755982988;15;2760;25.98076211353316;2.4605547772892282;3.398737929841784
20;0.4363323129985824;18.5;0.5235987755982988;15;2770;25.98076211353316;2.462873131415005;3.4011129722229905
20;0.4363323129985824;18.5;0.5235987755982988;15;2780;25.98076211353316;2.461541163319764;3.400175968620316
20;0.4363323129985824;18.5;0.5235987755982988;15;2790;25.98076211353316;2.46128161132607;3.3992029907712946
20;0.4363323129985824;18.5;0.5235987755982988;15;2800;25.98076211353316;2.465348998849962;3.405048925753287
20;0.4363323129985824;18.5;0.5235987755982988;15;2810;25.98076211353316;2.462776235800799;3.402009018284139
20;0.4363323129985824;18.5;0.5235987755982988;15;2820;25.98076211353316;2.4603926361116266;3.3993666415880077
20;0.4363323129985824;18.5;0.5235987755982988;15;2830;25.98076211353316;2.4638762018242515;3.403909358065619
20;0.4363323129985824;18.5;0.5235987755982988;15;2840;25.98076211353316;2.4620447007990047;3.4016978052197175
20;0.4363323129985824;18.5;0.5235987755982988;15;2850;25.98076211353316;2.4615870721553517;3.400249398971391
20;0.4363323129985824;18.5;0.5235987755982988;15;2860;25.98076211353316;2.4697926447316605;3.4125989565386114
20;0.4363323129985824;18.5;0.5235987755982988;15;2870;25.98076211353316;2.4657226391533897;3.4071349017682646
20;0.4363323129985824;18.5;0.5235987755982988;15;2880;25.98076211353316;2.467067487572152;3.4098396809787417
20;0.4363323129985824;18.5;0.5235987755982988;15;2890;25.98076211353316;2.4616640362214297;3.4006792102699577
20;0.4363323129985824;18.5;0.5235987755982988;15;2900;25.98076211353316;2.469230714829053;3.412402733113813
20;0.4363323129985824;18.5;0.5235987755982988;15;2910;25.98076211353316;2.4647419206749;3.406474700100134
20;0.4363323129985824;18.5;0.5235987755982988;15;2920;25.98076211353316;2.4688189647536336;3.4119467806849073
20;0.4363323129985824;18.5;0.5235987755982988;15;2930;25.98076211353316;2.4647450974556864;3.4064142191973583
20;0.4363323129985824;18.5;0.5235987755982988;15;2940;25.98076211353316;2.4684730401777246;3.4121950296339354
20;0.4363323129985824;18.5;0.5235987755982988;15;2950;25.98076211353316;2.466556454113414;3.4091214887699737
20;0.4363323129985824;18.5;0.5235987755982988;15;2960;25.98076211353316;2.4692706520025007;3.41390191862301
20;0.4363323129985824;18.5;0.5235987755982988;15;2970;25.98076211353316;2.4692176493024895;3.412804021902875
20;0.4363323129985824;18.5;0.5235987755982988;15;2980;25.98076211353316;2.470918563849506;3.416373690224331
20;0.4363323129985824;18.5;0.5235987755982988;15;2990;25.98076211353316;2.470699468518787;3.416075923463531
20;0.4363323129985824;18.5;0.5235987755982988;15;3000;25.98076211353316;2.4725757448534376;3.4191881533326294
20;0.4363323129985824;18.5;0.5235987755982988;15;3010;25.98076211353316;2.471321860244333;3.417299384059847
20;0.4363323129985824;18.5;0.5235987755982988;15;3020;25.98076211353316;2.4689975766118937;3.4142390333721298
20;0.4363323129985824;18.5;0.5235987755982988;15;3030;25.98076211353316;2.4688913820011864;3.4142606744774704
20;0.4363323129985824;18.5;0.5235987755982988;15;3040;25.98076211353316;2.470600451927079;3.4171468200050854
20;0.4363323129985824;18.5;0.5235987755982988;15;3050;25.98076211353316;2.4699298854947833;3.415822216960266
20;0.4363323129985824;18.5;0.5235987755982988;15;3060;25.98076211353316;2.4801290842719212;3.4314935554781627
20;0.4363323129985824;18.5;0.5235987755982988;15;3070;25.98076211353316;2.469559482182733;3.416445181624162
20;0.4363323129985824;18.5;0.5235987755982988;15;3080;25.98076211353316;2.471978061768162;3.419048767548594
20;0.4363323129985824;18.5;0.5235987755982988;15;3090;25.98076211353316;2.478585740487719;3.4310769093514266
20;0.4363323129985824;18.5;0.5235987755982988;15;3100;25.98076211353316;2.4768014053396286;3.4270942274344525
20;0.4363323129985824;18.5;0.5235987755982988;15;3110;25.98076211353316;2.4789714687595463;3.430170468650501
20;0.4363323129985824;18.5;0.5235987755982988;15;3120;25.98076211353316;2.4730429788886186;3.4217031012671586
20;0.4363323129985824;18.5;0.5235987755982988;15;3130;25.98076211353316;2.4753202221293464;3.4258188849596944
20;0.4363323129985824;18.5;0.5235987755982988;15;3140;25.98076211353316;2.4753459593959053;3.425638083013907
20;0.4363323129985824;18.5;0.5235987755982988;15;3150;25.98076211353316;2.4701381956648163;3.419897058477538
20;0.4363323129985824;18.5;0.5235987755982988;15;3160;25.98076211353316;2.479789119668546;3.4318860724600344
20;0.4363323129985824;18.5;0.5235987755982988;15;3170;25.98076211353316;2.4755975255910023;3.427324152712931
20;0.4363323129985824;18.5;0.5235987755982988;15;3180;25.98076211353316;2.4763751805692604;3.4292225402253593
20;0.4363323129985824;18.5;0.5235987755982988;15;3190;25.98076211353316;2.4779812093807116;3.430568850720325
20;0.4363323129985824;18.5;0.5235987755982988;15;3200;25.98076211353316;2.478998277895625;3.434260711755256
20;0.4363323129985824;18.5;0.5235987755982988;15;3210;25.98076211353316;2.4796420286606446;3.4343280475012175
20;0.4363323129985824;18.5;0.5235987755982988;15;3220;25.98076211353316;2.486749278520309;3.44427070883216
20;0.4363323129985824;18.5;0.5235987755982988;15;3230;25.98076211353316;2.474760091139332;3.4268514577737443
20;0.4363323129985824;18.5;0.5235987755982988;15;3240;25.98076211353316;2.4731210546104516;3.425249020615309
20;0.4363323129985824;18.5;0.5235987755982988;15;3250;25.98076211353316;2.480143120348023;3.4354091056394855
20;0.4363323129985824;18.5;0.5235987755982988;15;3260;25.98076211353316;2.4838885562810855;3.4422470788500643
20;0.4363323129985824;18.5;0.5235987755982988;15;3270;25.98076211353316;2.4768787833149095;3.432179045744447
20;0.4363323129985824;18.5;0.5235987755982988;15;3280;25.98076211353316;2.487942081304505;3.4459409889197756
20;0.4363323129985824;18.5;0.5235987755982988;15;3290;25.98076211353316;2.484590730364757;3.4442702950427835
20;0.4363323129985824;18.5;0.5235987755982988;15;3300;25.98076211353316;2.4837386046378604;3.442373460163558
20;0.4363323129985824;18.5;0.5235987755982988;15;3310;25.98076211353316;2.4770808855364317;3.4314485947806235
20;0.4363323129985824;18.5;0.5235987755982988;15;3320;25.98076211353316;2.4837811172416204;3.4424768384669657
20;0.4363323129985824;18.5;0.5235987755982988;15;3330;25.98076211353316;2.486356906904713;3.4483976882698983
20;0.4363323129985824;18.5;0.5235987755982988;15;3340;25.98076211353316;2.483942657334407;3.4448355889715505
20;0.4363323129985824;18.5;0.5235987755982988;15;3350;25.98076211353316;2.481030644237268;3.4413645966564923
20;0.4363323129985824;18.5;0.5235987755982988;15;3360;25.98076211353316;2.4845117145330606;3.4449811531393304
20;0.4363323129985824;18.5;0.5235987755982988;15;3370;25.98076211353316;2.4935473451150605;3.4582912490836173
20;0.4363323129985824;18.5;0.5235987755982988;15;3380;25.98076211353316;2.478733411302762;3.438006449553462
20;0.4363323129985824;18.5;0.5235987755982988;15;3390;25.98076211353316;2.4837606148569296;3.445084071274684
20;0.4363323129985824;18.5;0.5235987755982988;15;3400;25.98076211353316;2.4845644562747218;3.446693182319011
20;0.4363323129985824;18.5;0.5235987755982988;15;3410;25.98076211353316;2.487669174590613;3.450693839640281
20;0.4363323129985824;18.5;0.5235987755982988;15;3420;25.98076211353316;2.4880411527142043;3.450767539353259
20;0.4363323129985824;18.5;0.5235987755982988;15;3430;25.98076211353316;2.4818034247320138;3.4431609323202785
20;0.4363323129985824;18.5;0.5235987755982988;15;3440;25.98076211353316;2.486493502396272;3.450069003085856
20;0.4363323129985824;18.5;0.5235987755982988;15;3450;25.98076211353316;2.4874023727201737;3.452168773877589
20;0.4363323129985824;18.5;0.5235987755982988;15;3460;25.98076211353316;2.48819862714576;3.453236020082496
20;0.4363323129985824;18.5;0.5235987755982988;15;3470;25.98076211353316;2.4888818323409323;3.454897278205882
20;0.4363323129985824;18.5;0.5235987755982988;15;3480;25.98076211353316;2.4852099643090284;3.4500805138337154
20;0.4363323129985824;18.5;0.5235987755982988;15;3490;25.98076211353316;2.486365322444079;3.4521913590344564
20;0.4363323129985824;18.5;0.5235987755982988;15;3500;25.98076211353316;2.490302375466003;3.45914352043116
20;0.4363323129985824;18.5;0.5235987755982988;15;3510;25.98076211353316;2.4907917432509503;3.4570201169332577
20;0.4363323129985824;18.5;0.5235987755982988;15;3520;25.98076211353316;2.4846588789759005;3.448361026478093
20;0.4363323129985824;18.5;0.5235987755982988;15;3530;25.98076211353316;2.4926426055112905;3.460742458131435
20;0.4363323129985824;18.5;0.5235987755982988;15;3540;25.98076211353316;2.4940252275300048;3.462541652631537
20;0.4363323129985824;18.5;0.5235987755982988;15;3550;25.98076211353316;2.4942364570029207;3.4636851536992523
20;0.4363323129985824;18.5;0.5235987755982988;15;3560;25.98076211353316;2.4840051303117563;3.4492892281008323
20;0.4363323129985824;18.5;0.5235987755982988;15;3570;25.98076211353316;2.4940711113266993;3.4658261299129625
20;0.4363323129985824;18.5;0.5235987755982988;15;3580;25.98076211353316;2.491571128267292;3.461025233651617
20;0.4363323129985824;18.5;0.5235987755982988;15;3590;25.98076211353316;2.4898151918728173;3.459064131571803
20;0.4363323129985824;18.5;0.5235987755982988;15;3600;25.98076211353316;2.4902003726722692;3.4599947249242944
20;0.4363323129985824;18.5;0.5235987755982988;15;3610;25.98076211353316;2.4916998096995338;3.4620777824906495
20;0.4363323129985824;18.5;0.5235987755982988;15;3620;25.98076211353316;2.4911370190663797;3.4614418782972374
20;0.4363323129985824;18.5;0.5235987755982988;15;3630;25.98076211353316;2.490903594080859;3.462154633027539
20;0.4363323129985824;18.5;0.5235987755982988;15;3640;25.98076211353316;2.495014806722624;3.46645183347198
20;0.4363323129985824;18.5;0.5235987755982988;15;3650;25.98076211353316;2.4969244636524572;3.4696326547547693
20;0.4363323129985824;18.5;0.5235987755982988;15;3660;25.98076211353316;2.4917104628594555;3.464024753851466
20;0.4363323129985824;18.5;0.5235987755982988;15;3670;25.98076211353316;2.48962961772825;3.460478683077166
20;0.4363323129985824;18.5;0.5235987755982988;15;3680;25.98076211353316;2.4974754950038265;3.471211257171715
20;0.4363323129985824;18.5;0.5235987755982988;15;3690;25.98076211353316;2.4854498341135147;3.4540286652252226
20;0.4363323129985824;18.5;0.5235987755982988;15;3700;25.98076211353316;2.4943164267655304;3.4670408756138698
20;0.4363323129985824;18.5;0.5235987755982988;15;3710;25.98076211353316;2.4953685448763383;3.470122009070706
20;0.4363323129985824;18.5;0.5235987755982988;15;3720;25.98076211353316;2.4975933324589685;3.472874196837194
20;0.4363323129985824;18.5;0.5235987755982988;15;3730;25.98076211353316;2.4970628516156035;3.4733628650541695
20;0.4363323129985824;18.5;0.5235987755982988;15;3740;25.98076211353316;2.49596864382558;3.4711084943385795
20;0.4363323129985824;18.5;0.5235987755982988;15;3750;25.98076211353316;2.50173266064712;3.4796831389864384
20;0.4363323129985824;18.5;0.5235987755982988;15;3760;25.98076211353316;2.4990592116458004;3.4775302565144126
20;0.4363323129985824;18.5;0.5235987755982988;15;3770;25.98076211353316;2.5020724922124518;3.480772432084587
20;0.4363323129985824;18.5;0.5235987755982988;15;3780;25.98076211353316;2.494712220962347;3.470936661751164
20;0.4363323129985824;18.5;0.5235987755982988;15;3790;25.98076211353316;2.495752703210471;3.472275208106003
20;0.4363323129985824;18.5;0.5235987755982988;15;3800;25.98076211353316;2.501613007452683;3.4804027078260575
20;0.4363323129985824;18.5;0.5235987755982988;15;3810;25.98076211353316;2.499981806585592;3.4787443252909647
20;0.4363323129985824;18.5;0.5235987755982988;15;3820;25.98076211353316;2.500147842358494;3.4788478713921425
20;0.4363323129985824;18.5;0.5235987755982988;15;3830;25.98076211353316;2.498874304060407;3.476645390629227
20;0.4363323129985824;18.5;0.5235987755982988;15;3840;25.98076211353316;2.506949538676562;3.4882773776595024
20;0.4363323129985824;18.5;0.5235987755982988;15;3850;25.98076211353316;2.4999783196926146;3.4800891511974115
20;0.4363323129985824;18.5;0.5235987755982988;15;3860;25.98076211353316;2.502159916308379;3.4816198483398053
20;0.4363323129985824;18.5;0.5235987755982988;15;3870;25.98076211353316;2.5069292238453267;3.489733626457581
20;0.4363323129985824;18.5;0.5235987755982988;15;3880;25.98076211353316;2.5059369225954615;3.488907793728423
20;0.4363323129985824;18.5;0.5235987755982988;15;3890;25.98076211353316;2.5028024227035246;3.483502676115126
20;0.4363323129985824;18.5;0.5235987755982988;15;3900;25.98076211353316;2.5021995568302033;3.482946448725021
20;0.4363323129985824;18.5;0.5235987755982988;15;3910;25.98076211353316;2.5055092858994144;3.48875052717512
20;0.4363323129985824;18.5;0.5235987755982988;15;3920;25.98076211353316;2.5070415484192132;3.491235899027294
20;0.4363323129985824;18.5;0.5235987755982988;15;3930;25.98076211353316;2.5087491554237618;3.4938577798406594
20;0.4363323129985824;18.5;0.5235987755982988;15;3940;25.98076211353316;2.506474092337948;3.4905781448418844
20;0.4363323129985824;18.5;0.5235987755982988;15;3950;25.98076211353316;2.504000932547268;3.486409157901247
20;0.4363323129985824;18.5;0.5235987755982988;15;3960;25.98076211353316;2.5133408460457827;3.5006010699423467
20;0.4363323129985824;18.5;0.5235987755982988;15;3970;25.98076211353316;2.5149366714185235;3.502585289990941
20;0.4363323129985824;18.5;0.5235987755982988;15;3980;25.98076211353316;2.5029773718092847;3.485441135512842
20;0.4363323129985824;18.5;0.5235987755982988;15;3990;25.98076211353316;2.5100050869440165;3.4974777630746696
20;0.4363323129985824;18.5;0.5235987755982988;15;4000;25.98076211353316;2.511194380247788;3.4984855246724633
20;0.4363323129985824;18.5;0.5235987755982988;15;4010;25.98076211353316;2.5102111376726164;3.4975253924895853
20;0.4363323129985824;18.5;0.5235987755982988;15;4020;25.98076211353316;2.512692868562975;3.5008172106911597
20;0.4363323129985824;18.5;0.5235987755982988;15;4030;25.98076211353316;2.509028352236875;3.4946328780528675
20;0.4363323129985824;18.5;0.5235987755982988;15;4040;25.98076211353316;2.5104030221086395;3.4968439903060546
20;0.4363323129985824;18.5;0.5235987755982988;15;4050;25.98076211353316;2.52050926005229;3.5127104354720293
20;0.4363323129985824;18.5;0.5235987755982988;15;4060;25.98076211353316;2.5107857830059754;3.497600126892586
20;0.4363323129985824;18.5;0.5235987755982988;15;4070;25.98076211353316;2.5147405396673808;3.505892518146007
20;0.4363323129985824;18.5;0.5235987755982988;15;4080;25.98076211353316;2.51409101071159;3.505152807532759
20;0.4363323129985824;18.5;0.5235987755982988;15;4090;25.98076211353316;2.5147700833629383;3.5041970578155572
20;0.4363323129985824;18.5;0.5235987755982988;15;4100;25.98076211353316;2.519530016068406;3.511059814667294
20;0.4363323129985824;18.5;0.5235987755982988;15;4110;25.98076211353316;2.5128391840863666;3.5036668515647866
20;0.4363323129985824;18.5;0.5235987755982988;15;4120;25.98076211353316;2.5168148270535484;3.5093711373193557
20;0.4363323129985824;18.5;0.5235987755982988;15;4130;25.98076211353316;2.5196846600387506;3.513701779492765
20;0.4363323129985824;18.5;0.5235987755982988;15;4140;25.98076211353316;2.5195903831229507;3.51390371599518
20;0.4363323129985824;18.5;0.5235987755982988;15;4150;25.98076211353316;2.524281679002035;3.5189253255938344
20;0.4363323129985824;18.5;0.5235987755982988;15;4160;25.98076211353316;2.526967424742164;3.524017956989957
20;0.4363323129985824;18.5;0.5235987755982988;15;4170;25.98076211353316;2.524213254750816;3.520797432523979
20;0.4363323129985824;18.5;0.5235987755982988;15;4180;25.98076211353316;2.5173880370813646;3.5110259139853364
20;0.4363323129985824;18.5;0.5235987755982988;15;4190;25.98076211353316;2.522439950360251;3.5185091039078094
20;0.4363323129985824;18.5;0.5235987755982988;15;4200;25.98076211353316;2.517642085995466;3.5111114961647427
20;0.4363323129985824;18.5;0.5235987755982988;15;4210;25.98076211353316;2.5220839067199643;3.517181501493223
20;0.4363323129985824;18.5;0.5235987755982988;15;4220;25.98076211353316;2.5246250368813254;3.5204910783022685
20;0.4363323129985824;18.5;0.5235987755982988;15;4230;25.98076211353316;2.5201996515255574;3.5162408551463904
20;0.4363323129985824;18.5;0.5235987755982988;15;4240;25.98076211353316;2.5196697604588154;3.516554483184156
20;0.4363323129985824;18.5;0.5235987755982988;15;4250;25.98076211353316;2.5278062931598013;3.526505139685075
20;0.4363323129985824;18.5;0.5235987755982988;15;4260;25.98076211353316;2.527140996369517;3.5267813469468496
20;0.4363323129985824;18.5;0.5235987755982988;15;4270;25.98076211353316;2.517824460084261;3.513758262383523
20;0.4363323129985824;18.5;0.5235987755982988;15;4280;25.98076211353316;2.527603585759383;3.528182726963638
20;0.4363323129985824;18.5;0.5235987755982988;15;4290;25.98076211353316;2.5283050632556754;3.528929293629412
20;0.4363323129985824;18.5;0.5235987755982988;15;4300;25.98076211353316;2.5298759888230813;3.532046065144149
20;0.4363323129985824;18.5;0.5235987755982988;15;4310;25.98076211353316;2.5352997005477884;3.539380564170397
20;0.4363323129985824;18.5;0.5235987755982988;15;4320;25.98076211353316;2.536105576685276;3.540606258797453
20;0.4363323129985824;18.5;0.5235987755982988;15;4330;25.98076211353316;2.53071579884892;3.5327800147885635
20;0.4363323129985824;18.5;0.5235987755982988;15;4340;25.98076211353316;2.5282628438753236;3.5308640242614406
20;0.4363323129985824;18.5;0.5235987755982988;15;4350;25.98076211353316;2.5319622931397587;3.535356549403502
20;0.4363323129985824;18.5;0.5235987755982988;15;4360;25.98076211353316;2.5368051221721797;3.5432748940210304
20;0.4363323129985824;18.5;0.5235987755982988;15;4370;25.98076211353316;2.5318252883350625;3.535692391257636
20;0.4363323129985824;18.5;0.5235987755982988;15;4380;25.98076211353316;2.5285774240105674;3.5315773515757054
20;0.4363323129985824;18.5;0.5235987755982988;15;4390;25.98076211353316;2.5322360265050583;3.5366768696124335
20;0.4363323129985824;18.5;0.5235987755982988;15;4400;25.98076211353316;2.5363542743319787;3.5420636868483473
20;0.4363323129985824;18.5;0.5235987755982988;15;4410;25.98076211353316;2.5304424583889777;3.5345738257408583
20;0.4363323129985824;18.5;0.5235987755982988;15;4420;25.98076211353316;2.5328188199830595;3.5379844730271737
20;0.4363323129985824;18.5;0.5235987755982988;15;4430;25.98076211353316;2.5339493153941905;3.5407838582129494
20;0.4363323129985824;18.5;0.5235987755982988;15;4440;25.98076211353316;2.532316128937487;3.5389811678253067
20;0.4363323129985824;18.5;0.5235987755982988;15;4450;25.98076211353316;2.5370379756699637;3.5458134550664133
20;0.4363323129985824;18.5;0.5235987755982988;15;4460;25.98076211353316;2.5384956816687354;3.547527426497608
20;0.4363323129985824;18.5;0.5235987755982988;15;4470;25.98076211353316;2.546269028367819;3.5579485527495245
20;0.4363323129985824;18.5;0.5235987755982988;15;4480;25.98076211353316;2.538788753080999;3.5495717348753755
20;0.4363323129985824;18.5;0.5235987755982988;15;4490;25.98076211353316;2.5391881623550283;3.5507522247595213
20;0.4363323129985824;18.5;0.5235987755982988;15;4500;25.98076211353316;2.5422593057953993;3.55316527711295
20;0.4363323129985824;18.5;0.5235987755982988;15;4510;25.98076211353316;2.5187271511251086;3.522303674862338
20;0.4363323129985824;18.5;0.5235987755982988;15;4520;25.98076211353316;2.536901748119949;3.548506308589209
20;0.4363323129985824;18.5;0.5235987755982988;15;4530;25.98076211353316;2.5515345827764806;3.5696510245449558
20;0.4363323129985824;18.5;0.5235987755982988;15;4540;25.98076211353316;2.5416452893288866;3.55389783652174
20;0.4363323129985824;18.5;0.5235987755982988;15;4550;25.98076211353316;2.5483799631721276;3.5640545962516947
20;0.4363323129985824;18.5;0.5235987755982988;15;4560;25.98076211353316;2.5483570478479387;3.5644888244461357
20;0.4363323129985824;18.5;0.5235987755982988;15;4570;25.98076211353316;2.543322766530326;3.558441111804363
20;0.4363323129985824;18.5;0.5235987755982988;15;4580;25.98076211353316;2.542103897157669;3.5578199385739238
20;0.4363323129985824;18.5;0.5235987755982988;15;4590;25.98076211353316;2.5439855340875557;3.560730484927346
20;0.4363323129985824;18.5;0.5235987755982988;15;4600;25.98076211353316;2.5471876450620012;3.564352406954752
20;0.4363323129985824;18.5;0.5235987755982988;15;4610;25.98076211353316;2.5449594758436027;3.561442197098741
20;0.4363323129985824;18.5;0.5235987755982988;15;4620;25.98076211353316;2.547337789029322;3.5646595572731252
20;0.4363323129985824;18.5;0.5235987755982988;15;4630;25.98076211353316;2.5486418638256594;3.566398181898069
20;0.4363323129985824;18.5;0.5235987755982988;15;4640;25.98076211353316;2.5451977779114707;3.5623455018111354
20;0.4363323129985824;18.5;0.5235987755982988;15;4650;25.98076211353316;2.556930576365673;3.579844786926299
20;0.4363323129985824;18.5;0.5235987755982988;15;4660;25.98076211353316;2.5473827210308597;3.5678260023597757
20;0.4363323129985824;18.5;0.5235987755982988;15;4670;25.98076211353316;2.5520272108060116;3.573663079565395
20;0.4363323129985824;18.5;0.5235987755982988;15;4680;25.98076211353316;2.558382911695053;3.5824097916070463
20;0.4363323129985824;18.5;0.5235987755982988;15;4690;25.98076211353316;2.5508676678453304;3.5720592627120467
20;0.4363323129985824;18.5;0.5235987755982988;15;4700;25.98076211353316;2.5670427406616874;3.5954778925117905
20;0.4363323129985824;18.5;0.5235987755982988;15;4710;25.98076211353316;2.5556419538704596;3.5804902300065593
20;0.4363323129985824;18.5;0.5235987755982988;15;4720;25.98076211353316;2.555425572372232;3.580772011276019
20;0.4363323129985824;18.5;0.5235987755982988;15;4730;25.98076211353316;2.5518507529609016;3.5760881478477073
20;0.4363323129985824;18.5;0.5235987755982988;15;4740;25.98076211353316;2.5605784903505957;3.5881928733203923
20;0.4363323129985824;18.5;0.5235987755982988;15;4750;25.98076211353316;2.5516228785229074;3.575742506830436
20;0.4363323129985824;18.5;0.5235987755982988;15;4760;25.98076211353316;2.562797914616962;3.5918909784766595
20;0.4363323129985824;18.5;0.5235987755982988;15;4770;25.98076211353316;2.55680248506713;3.5845097912287622
20;0.4363323129985824;18.5;0.5235987755982988;15;4780;25.98076211353316;2.5621178660467683;3.590513826663146
20;0.4363323129985824;18.5;0.5235987755982988;15;4790;25.98076211353316;2.561531312710011;3.592666625268299
20;0.4363323129985824;18.5;0.5235987755982988;15;4800;25.98076211353316;2.555856762037345;3.5838838224127794
20;0.4363323129985824;18.5;0.5235987755982988;15;4810;25.98076211353316;2.572083219563489;3.6059175026964576
20;0.4363323129985824;18.5;0.5235987755982988;15;4820;25.98076211353316;2.5626864080518352;3.5926714837945886
20;0.4363323129985824;18.5;0.5235987755982988;15;4830;25.98076211353316;2.561444597897401;3.5940394277560603
20;0.4363323129985824;18.5;0.5235987755982988;15;4840;25.98076211353316;2.5636807773373653;3.5968919424623698
20;0.4363323129985824;18.5;0.5235987755982988;15;4850;25.98076211353316;2.5605964143486006;3.59110891155303
20;0.4363323129985824;18.5;0.5235987755982988;15;4860;25.98076211353316;2.5581327601380037;3.5885943449533637
20;0.4363323129985824;18.5;0.5235987755982988;15;4870;25.98076211353316;2.56379526767096;3.5960178089865815
20;0.4363323129985824;18.5;0.5235987755982988;15;4880;25.98076211353316;2.5700857095792036;3.6090101145374005
20;0.4363323129985824;18.5;0.5235987755982988;15;4890;25.98076211353316;2.568151749951531;3.6061111654521576
20;0.4363323129985824;18.5;0.5235987755982988;15;4900;25.98076211353316;2.564364834733136;3.597991450982007
20;0.4363323129985824;18.5;0.5235987755982988;15;4910;25.98076211353316;2.573125679742299;3.611592118117382
20;0.4363323129985824;18.5;0.5235987755982988;15;4920;25.98076211353316;2.5647001852743436;3.598810055863031
20;0.4363323129985824;18.5;0.5235987755982988;15;4930;25.98076211353316;2.5611114342507992;3.5975074187327976
20;0.4363323129985824;18.5;0.5235987755982988;15;4940;25.98076211353316;2.561714902259772;3.5985182553205117
20;0.4363323129985824;18.5;0.5235987755982988;15;4950;25.98076211353316;2.563481612611489;3.5972290689226187
20;0.4363323129985824;18.5;0.5235987755982988;15;4960;25.98076211353316;2.559983748058397;3.5948943862195555
20;0.4363323129985824;18.5;0.5235987755982988;15;4970;25.98076211353316;2.557188301599208;3.59378078954992
20;0.4363323129985824;18.5;0.5235987755982988;15;4980;25.98076211353316;2.579206554842725;3.620802006508823
20;0.4363323129985824;18.5;0.5235987755982988;15;4990;25.98076211353316;2.570510336795309;3.6086065264641003
20;0.4363323129985824;18.5;0.5235987755982988;15;5000;25.98076211353316;2.5573369266644788;3.591998753149882
